Frame Roll Pitch Yaw
0 3.76596 4.57936 10.9693
1 2.55593 5.75443 11.3005
2 3.40798 6.48219 11.2729
3 2.87579 5.69154 9.20769
4 3.23475 4.29413 8.47174
5 2.47942 4.88823 1.88086
6 3.61937 5.10606 3.30023
7 3.48958 3.53698 2.83484
8 3.37262 3.44953 4.054
9 2.40841 3.20847 2.6772
10 3.40884 3.79998 -0.761021
11 3.78833 4.72584 -0.725155
12 3.47414 5.93332 -2.25667
13 2.79751 7.50396 -5.36186
14 2.77611 5.10723 -12.508
15 0.416935 5.89497 -12.9156
16 0.909419 5.69457 -17.6896
17 1.32258 5.62552 -15.8138
18 0.342126 4.99291 -16.1531
19 0.0568128 4.46868 -15.3286
20 0.280023 0.945127 -4.91035
21 4.885 3.5076 3.31726
22 -3.1335 0.467677 -5.03827
23 -2.25587 0.114812 -4.05687
24 3.08551 1.11049 1.87488
25 4.65565 3.19102 3.48522
26 4.70517 5.50406 6.35554
27 3.82098 5.01449 -0.0245733
28 3.48907 6.10398 -0.9299
29 4.94169 4.49075 -2.12745
30 3.66397 4.00024 -4.04371
31 3.52325 3.75169 -7.04786
32 3.62572 4.03942 -4.89056
33 3.53665 5.03641 -3.04463
34 4.35078 4.26405 0.0795631
35 3.96132 4.41922 2.50298
36 3.65601 4.08947 2.17179
37 2.532 4.20342 1.61995
38 2.73997 3.50211 -2.05614
39 1.90551 3.02132 -4.01148
40 1.73006 3.97125 -7.17742
41 2.48135 3.97488 -14.6046
42 3.40296 4.52938 -15.8224
43 2.31378 3.41338 -20.1778
44 2.62524 3.83421 -22.8649
45 1.59739 1.84207 -22.0531
46 2.12551 3.03094 -25.8126
47 2.74149 2.0103 -28.1962
48 2.30768 0.814429 -24.697
49 2.97991 -0.0275875 -30.4907
50 1.52827 3.39349 -1.13531
51 2.61039 2.41806 -0.870142
52 2.87466 3.59381 -0.982451
53 1.67015 3.67373 -0.620164
54 2.17739 4.11638 -1.28748
55 1.69503 3.96856 -2.33195
56 1.73267 3.51716 -2.40196
57 1.9727 3.7531 -2.44264
58 0.93896 2.63974 -2.96637
59 2.02918 2.18187 -3.15203
60 1.34061 2.16793 -3.05119
61 0.891558 1.7662 -3.07836
62 2.9446 2.9952 -3.51945
63 -0.199294 2.79263 -3.77062
64 3.35259 2.16106 -2.77832
65 0.409612 1.59523 -3.2611
66 2.37008 2.33789 -2.23243
67 2.33849 1.90753 -2.10213
68 1.7775 1.56057 -4.70319
69 1.66738 1.36783 -3.00691
70 1.80308 1.58334 -1.12146
71 1.57755 2.19991 -2.71917
72 3.21491 2.80008 -1.99149
73 1.90524 1.9362 -4.40479
74 1.98946 2.8271 -0.262279
75 1.91071 3.6424 -1.05637
76 1.76643 2.32883 -2.16292
77 2.10635 3.68203 -1.91725
78 2.13042 1.72537 -0.825902
79 1.10677 1.63633 -1.87408
80 1.54345 0.928985 -2.28087
81 1.73826 2.0934 -0.548251
82 2.34132 1.1105 -0.440992
83 1.58758 2.20543 0.897791
84 1.95084 3.79479 -0.360366
85 0.922625 2.71683 -1.45565
86 1.93119 2.4695 -0.14277
87 0.971743 3.98453 -0.296292
88 0.945143 3.70733 -0.506864
89 2.46947 3.56597 0.403554
90 2.02115 2.25108 -2.35744
91 2.97606 3.16154 0.287026
92 1.82027 2.39227 -1.4694
93 2.13588 1.20543 -2.07724
94 1.58211 1.33895 -3.63161
95 1.63613 1.68662 -2.06055
96 1.00938 2.19979 -2.97957
97 0.625245 2.13928 -2.66304
98 2.18428 2.06025 -4.14015
99 1.33386 1.42599 -4.06129
100 0.652984 1.53869 -1.85039
101 1.16372 1.62873 -2.66201
102 1.25546 1.80269 -2.37988
103 1.17451 1.3206 -3.64813
104 1.10719 1.43159 -4.72536
105 1.26676 0.687535 -2.17969
106 0.59334 2.28173 -3.67234
107 0.887537 2.77958 -5.389
108 1.31525 2.63066 -4.10274
109 -0.111513 1.53168 -3.82179
110 0.456372 0.634085 -3.28771
111 0.665067 0.963798 -1.72409
112 -1.1911 1.01161 -1.84469
113 1.8998 -0.335536 2.20376
114 2.10341 -0.258265 4.7192
115 0.625036 -1.35734 3.42215
116 -0.836103 1.84547 -13.7174
117 1.11761 0.57026 -5.82495
118 2.13894 0.0127509 -3.81081
119 2.74233 0.0770869 -2.80627
120 3.18743 -0.452065 8.29225
121 0.231194 -2.36381 2.48572
122 -0.13521 -0.218681 2.4266
123 1.14741 -0.831624 0.981005
124 -0.00998955 -0.859531 1.80276
125 0.91937 -1.64498 0.812004
126 0.511599 -2.15054 1.91202
127 0.0383699 -1.93411 2.61445
128 0.201173 -2.49583 1.85646
129 1.41889 -2.15786 2.24939
130 1.80406 -1.48786 2.90597
131 2.38654 -3.19699 2.69427
132 0.917195 -1.99953 2.3106
133 0.829754 -1.84097 2.88842
134 1.04297 -3.42104 5.50176
135 0.919145 -2.56086 4.25288
136 -0.416277 -5.00601 4.9859
137 1.20032 -2.91913 5.48104
138 0.929296 -1.96179 4.09514
139 0.630582 -2.73773 6.11617
140 1.78192 -2.68338 4.72076
141 2.00765 -1.75906 5.36202
142 1.39448 -2.83796 5.56855
143 1.29286 -3.95484 3.73272
144 1.3687 -2.52509 4.12381
145 1.36978 -3.00341 3.06395
146 0.942899 -2.38446 3.24365
147 2.07114 -3.36992 2.82391
148 0.822675 -3.11169 3.26577
149 1.43668 -3.85386 3.66053
150 1.38732 -4.70413 3.32093
151 1.50354 -3.47851 4.66097
152 2.58646 -3.56933 3.74205
153 2.36616 -3.34823 1.92912
154 1.7826 -3.31316 2.3368
155 2.19271 -3.40643 3.23924
156 1.44645 -3.97703 2.49331
157 1.48143 -3.02506 2.59624
158 1.90768 -2.74416 2.5946
159 1.27351 -4.02198 2.44946
160 1.41341 -3.39145 2.19422
161 1.69396 -4.25992 3.2126
162 1.8666 -2.81116 1.93179
163 1.97197 -3.57479 2.91287
164 2.12603 -2.87067 2.49886
165 1.36536 -5.22247 2.86289
166 2.04272 -2.43885 2.82442
167 1.82339 -2.81309 3.86122
168 1.93304 -4.13526 2.77321
169 1.33939 -4.59154 3.10687
170 1.4662 -4.19389 3.23936
171 1.26597 -4.63203 2.74608
172 1.8797 -3.58195 4.93127
173 1.90002 -3.38318 3.19552
174 2.21345 -4.33647 3.08394
175 1.88314 -2.88464 2.09878
176 1.92389 -4.50725 3.07638
177 1.69657 -3.63509 3.24007
178 1.89383 -2.94931 2.0808
179 1.71804 -2.66237 3.06038
180 1.13071 -3.30118 4.79734
181 2.0828 -3.88258 3.87446
182 1.7995 -3.07589 3.80812
183 1.8964 -4.27399 2.85596
184 1.66324 -3.56407 4.46832
185 1.87393 -5.20202 4.40648
186 1.30863 -4.35143 4.0527
187 1.84784 -4.70747 3.69162
188 1.89909 -5.52587 2.83012
189 1.80362 -3.91238 2.78565
190 1.64217 -5.64402 2.20072
191 1.97526 -3.62801 3.65264
192 1.3051 -4.64678 3.28234
193 2.29396 -4.15669 3.05279
194 2.00879 -4.31519 1.98702
195 1.3045 -2.68792 4.39373
196 1.20264 -4.46004 2.84093
197 1.92397 -3.98732 3.76289
198 2.58967 -2.92318 4.57406
199 2.61884 -4.29783 2.95154
200 1.6977 -3.44462 4.77029
201 2.39407 -3.83171 3.89991
202 -0.12425 -3.666 4.16006
203 0.912525 -4.00153 4.04554
204 1.36502 -3.10637 4.56098
205 1.5944 -2.33225 3.49431
206 0.533076 -4.43022 3.66723
207 0.967507 -4.85373 4.15121
208 2.60478 -4.16694 4.35264
209 1.53244 -5.91455 3.90928
210 2.54004 -3.18123 4.54696
211 2.46079 -4.4435 3.61731
212 2.40046 -3.6359 4.24957
213 2.39533 -4.04843 4.12976
214 1.73299 -3.40055 7.12185
215 0.678005 -4.51981 6.94776
216 3.4923 0.485348 -7.50578
217 2.93911 -0.320165 -8.50183
218 2.27238 -2.70015 8.44998
219 3.28518 0.906416 -7.35305
220 3.78889 -0.160862 -10.2741
221 4.93331 1.21641 -8.4474
222 5.09386 -0.936783 -1.28921
223 3.87503 -0.528445 -8.48877
224 4.76509 0.243915 -7.32007
225 4.23811 -0.769477 -1.93292
226 4.54901 -0.824823 -4.85669
227 5.34904 0.751593 -0.0402767
228 4.89878 1.1689 -4.2057
229 4.24615 0.772759 0.23513
230 4.52345 0.757578 0.223875
231 3.03538 2.13997 -1.86657
232 3.95168 1.62348 4.31705
233 3.76039 2.09105 0.983606
234 4.33281 0.576762 6.51092
235 3.6737 0.887844 -1.50717
236 4.72782 2.7765 2.09289
237 4.76696 2.44694 -0.558985
238 3.79696 0.95892 5.46175
239 3.6042 1.95146 7.57009
240 3.61512 2.05285 2.98431
241 4.32207 2.13102 1.34184
242 3.50095 0.906064 1.81786
243 3.27726 2.71071 -1.84561
244 4.01581 -7.19322 6.30591
245 3.73684 2.28953 0.807323
246 3.6331 0.938366 0.373947
247 3.60748 -7.59182 5.93328
248 3.80724 -7.94205 6.78983
249 3.35215 1.56859 2.89039
250 3.29873 3.13084 3.28041
251 3.47597 1.84071 -1.84966
252 4.46061 2.01559 -1.19049
253 4.56803 0.63718 -0.389675
254 4.14611 1.90011 2.16547
255 3.23294 -6.46806 6.97629
256 3.87288 2.07632 -0.928454
257 3.51195 0.366747 2.83681
258 4.03043 2.00187 6.76851
259 3.95095 1.61751 -2.58548
260 3.90502 1.64743 3.29438
261 4.38278 2.13658 0.764929
262 4.39053 0.882169 0.93873
263 3.63568 1.02698 0.857607
264 3.3816 3.09324 0.180546
265 3.90407 1.4995 5.06974
266 3.7627 1.03123 2.56197
267 4.03718 2.33029 1.32175
268 4.46425 1.11661 1.40736
269 3.95332 1.16782 4.94777
270 4.43955 0.945373 2.75024
271 4.00777 1.5429 2.76153
272 4.77805 1.13154 3.62263
273 4.80483 0.642958 7.23803
274 3.89588 1.52515 2.37652
275 4.64231 1.2382 5.20316
276 4.3959 0.953584 4.31664
277 4.02034 2.15063 0.705143
278 4.37486 1.49214 3.88609
279 4.42403 -0.00984806 0.346137
280 3.89693 0.481504 2.24533
281 4.48224 0.633522 3.19378
282 4.67178 1.11206 4.87126
283 3.27453 0.758808 1.14334
284 3.95747 1.00962 1.55874
285 4.1616 1.30848 -4.70463
286 4.39496 0.930996 -4.4681
287 5.3867 1.01963 -0.681264
288 4.71761 1.56432 -1.01046
289 4.94503 1.20632 -4.05293
290 4.71417 2.22747 3.14208
291 4.55571 0.939068 0.350873
292 4.0418 1.53884 -1.48898
293 4.78764 1.30866 -2.88531
294 4.44266 1.21107 -2.75885
295 4.62954 0.791083 -3.32115
296 4.11529 2.93507 1.67893
297 4.55759 2.05348 -2.06354
298 4.27623 2.2406 1.24243
299 5.51994 2.06648 -3.66632
300 3.9754 3.46905 -2.95815
301 4.50592 2.82288 -1.76159
302 3.53949 2.29291 -4.07707
303 3.88185 2.20829 0.753306
304 4.18751 2.29064 -4.65867
305 4.83282 2.10825 -4.12137
306 1.40096 -3.84321 8.35524
307 4.69352 2.90328 -5.79012
308 0.869528 -4.04154 8.01294
309 4.60421 3.22021 -4.16157
310 0.960835 -3.46008 8.06101
311 -0.0545084 -3.44398 5.89041
312 -1.04662 -2.9589 7.17808
313 2.25708 -3.68886 4.79862
314 2.15467 -2.61578 4.11733
315 1.12427 -2.60582 4.93375
316 -1.10486 -3.47302 3.89026
317 2.4658 -3.10938 5.79845
318 2.71705 -3.17204 5.99464
319 0.514001 -2.4839 5.08898
320 1.98608 -2.05611 4.41625
321 1.74919 -2.49037 3.78734
322 1.36119 -2.92257 4.57593
323 1.42932 -2.60459 3.76516
324 2.81921 -2.04437 4.04258
325 1.9835 -2.10125 4.85818
326 1.75434 -3.58113 4.41503
327 3.42876 -2.93488 2.59828
328 3.03655 -2.24209 2.20473
329 3.07074 -1.3321 2.54743
330 1.58783 -3.44472 2.87048
331 1.21759 -2.67913 3.44743
332 3.12882 -2.70259 2.45613
333 1.53324 -3.45048 2.03954
334 1.80104 -3.98159 2.8859
335 1.91976 -3.60134 2.64953
336 2.13767 -3.46214 1.84566
337 1.05482 -3.82922 2.94906
338 1.3093 -3.29055 2.11857
339 0.27757 -3.33732 3.26163
340 1.24028 -2.55528 3.1782
341 -0.238951 -1.34673 3.05544
342 0.570091 -2.98776 2.72297
343 -0.403048 -1.50188 2.11415
344 0.807156 -2.39375 2.3521
345 1.98028 -2.48515 2.01141
346 0.80598 -2.32799 3.12289
347 1.01212 -2.72269 2.63376
348 1.28415 -1.64381 1.84222
349 4.62037 0.124613 3.64559
350 0.502532 -2.83566 2.2556
351 4.01437 0.247629 -2.11753
352 3.75112 -0.375184 1.5015
353 2.71963 -6.52967 2.95138
354 4.43883 -1.08315 -4.43011
355 3.03728 -5.81348 1.18769
356 3.84733 -4.94922 6.89683
357 3.04956 -5.54044 3.79542
358 4.41891 -5.36574 -0.514013
359 3.56112 -5.06854 -0.830448
360 3.52413 -4.60353 0.670424
361 4.42343 -3.55991 3.40152
362 3.32325 -4.36995 4.69548
363 4.91068 -4.10923 0.0658387
364 4.39848 -4.39112 3.5062
365 3.42752 -5.26356 -4.58608
366 5.1226 -2.0159 3.6313
367 3.93466 -3.56358 0.734433
368 3.69523 -3.5588 0.112439
369 4.13892 -3.93533 -2.19488
370 3.62621 -4.13989 -7.33747
371 3.40739 -1.71338 2.04874
372 3.28737 -2.97144 -8.82089
373 3.86202 -2.04254 -6.76184
374 2.84564 -3.20317 -6.26482
375 4.49336 -2.51473 -11.3595
376 0.52487 -1.40111 5.84921
377 4.84786 -1.7784 -10.8944
378 1.30328 0.467342 4.39571
379 1.40724 0.102464 4.05183
380 2.01089 -0.522236 3.62337
381 2.7768 1.66364 -0.408051
382 -0.316941 1.11508 0.318648
383 -1.88219 0.927235 -0.50185
384 -1.68921 1.06412 -1.78995
385 3.38266 -2.43767 -10.2396
386 3.00877 -3.5035 -12.5597
387 3.52152 -1.90236 -17.8789
388 4.92323 -1.54947 -23.7666
389 2.77066 -1.589 -22.1371
390 2.02182 -2.70918 -25.1506
391 -0.536266 1.86249 -2.40805
392 -0.173468 3.00594 -2.86837
393 0.156152 7.22213 -4.84111
394 1.24402 4.62633 -5.49901
395 2.52041 4.22917 -5.85472
396 0.731259 4.89538 -5.73824
397 -1.72168 3.96037 -5.71533
398 -2.19791 2.42816 -6.39469
399 -2.78885 1.54725 -7.05207
400 -1.82812 1.64352 -6.53439
401 -3.10672 1.83621 -6.9557
402 -2.46617 3.22867 -7.08622
403 -2.40256 2.43827 -6.71199
404 -1.06155 3.27498 -7.39661
405 -1.53443 3.55148 -6.85228
406 -2.18045 2.41895 -6.87221
407 -1.7861 1.43056 -6.24094
408 -1.96143 1.78641 -8.01679
409 -2.75107 0.890082 -7.44565
410 0.483485 0.634488 -8.37875
411 -0.951949 1.2681 -6.88424
412 -2.13825 1.91108 -3.97214
413 -1.68393 2.48133 0.374255
414 3.75184 -0.675322 -22.0149
415 3.91421 -2.65206 -11.4415
416 -2.68068 2.24233 1.72689
417 -0.308514 0.412628 1.92781
418 -0.0128027 -0.720294 2.94878
419 2.14109 -1.98399 4.66126
420 2.36728 -1.56595 6.61054
421 1.18041 -0.41753 6.23517
422 1.07313 -0.488066 6.86093
423 1.54294 -0.140256 7.07541
424 -1.33474 -0.793287 8.24955
425 0.0835967 -1.61634 6.9004
426 3.64316 -2.00383 -7.16507
427 3.15155 -2.08686 -2.40612
428 2.86463 1.06913 -8.56556
429 1.64019 1.98202 -11.5468
430 2.62943 0.100068 -12.3604
431 3.22497 -2.70579 -0.358161
432 1.58929 -2.39844 -0.324448
433 2.87276 -2.77923 -1.52491
434 1.32358 -2.74107 -1.7387
435 1.86034 -4.00231 0.932769
436 1.30786 -3.73251 -6.31605
437 3.17569 -3.53057 -4.58261
438 2.67736 -3.33529 -1.15672
439 4.21318 -2.23685 -6.75125
440 0.516452 -3.22523 -1.00534
441 2.92185 -2.80965 -0.679244
442 3.03608 -2.56057 -3.19053
443 3.39356 -2.75937 0.562155
444 2.18912 -2.75343 -5.34306
445 1.97032 -1.42702 -4.19329
446 3.31659 -3.5253 -3.59171
447 2.33194 -4.74974 -5.23456
448 1.97312 -4.78074 -0.443291
449 1.78854 -4.38523 -2.14955
450 2.56105 -3.59825 -1.42475
451 2.63271 -2.8221 -0.493974
452 2.13807 -2.93344 1.67248
453 2.16815 -3.53159 -4.01738
454 3.16872 -4.3365 -3.25069
455 4.10562 -2.37866 -4.3436
456 2.80631 -2.96084 -2.55398
457 3.39177 -2.47476 -2.08596
458 3.08016 -5.19821 -5.61342
459 2.78028 1.7944 -10.0472
460 4.40618 -2.74655 -3.25802
461 2.57244 0.66442 -9.53963
462 3.50773 -3.21419 -1.89795
463 5.59894 -2.76998 -2.46791
464 3.44524 1.59989 -7.0119
465 3.71074 1.27063 -7.09812
466 3.77249 1.80753 -6.31904
467 2.69844 -0.160496 -8.2008
468 2.97677 0.361579 -5.2769
469 3.61306 2.43942 -1.77203
470 3.57511 1.6243 -2.13185
471 4.44784 0.805987 6.81602
472 0.382899 -5.39152 7.57251
473 4.63805 -0.552672 21.1798
474 -1.1587 -4.93703 6.14903
475 1.32824 -4.31017 9.01414
476 -0.996308 -5.81705 11.0941
477 0.630058 -4.27658 15.1201
478 -0.000348128 -2.72985 15.1412
479 2.57606 -6.48329 11.5228
480 2.79736 -7.65101 7.87431
481 3.27562 -7.71245 11.2423
482 2.92742 -8.72845 12.6153
483 3.42878 -8.81085 16.9809
484 3.35273 -10.3012 12.6581
485 3.61483 -10.0393 16.9538
486 1.89981 -11.7098 17.4699
487 2.863 -11.2472 16.4039
488 1.81621 -10.4973 13.1784
489 3.01309 -11.172 16.8207
490 3.82886 -9.9538 11.8166
491 3.10465 -11.1542 15.42
492 3.39761 -9.81134 15.7014
493 3.57585 -10.6144 13.3253
494 2.47566 -9.05177 15.0794
495 2.8313 -7.63907 14.3426
496 3.74611 -7.99798 14.4432
497 4.07918 -6.95183 16.7726
498 4.23481 -9.23388 10.1492
499 4.8769 -7.29625 9.90305
500 4.63868 -7.32078 6.26793
501 -0.448553 -4.48017 17.3609
502 -0.40475 -4.29242 16.4683
503 -0.851304 -5.1502 17.2603
504 -0.880201 -5.48385 14.7661
505 -0.267282 -3.98896 15.415
506 -0.0845254 -3.42197 16.3891
507 -0.12869 -4.6707 16.1688
508 -0.474115 -5.36076 16.6178
509 0.633292 -4.072 17.1691
510 0.889838 -4.11071 17.0571
511 -0.0911824 -4.33136 16.8833
512 1.32637 -6.0425 16.7141
513 1.23304 -6.32215 17.4038
514 0.990777 -4.73829 15.0714
515 1.44104 -4.77674 16.5191
516 2.31503 -5.28936 17.0109
517 -0.195044 -6.1749 16.6914
518 0.066465 -5.69071 16.8016
519 0.637923 -5.49546 16.6879
520 1.78981 -4.87979 15.4541
521 1.29922 -4.23506 14.7901
522 0.258922 -4.96694 16.9693
523 -0.858599 -4.55258 17.9976
524 0.372106 -4.51059 16.1055
525 1.12016 -4.13808 16.3736
526 -0.473552 -4.98583 18.4357
527 0.784189 -4.55967 16.1862
528 0.892598 -3.53133 16.2788
529 1.18991 -3.56473 15.6386
530 -0.491802 -3.73952 16.4417
531 -0.0554378 -3.51072 14.7951
532 -1.07554 -4.25302 16.2183
533 -1.54915 -2.8444 16.0425
534 -0.501099 -3.5458 15.8021
535 -1.00787 -3.36494 14.4772
536 -1.12271 -4.00669 15.9846
537 -0.827451 -3.83852 13.0413
538 -0.409803 -3.24262 16.4574
539 -0.310638 -3.5707 15.4231
540 -0.822883 -3.315 15.4695
541 -0.7796 -3.36511 14.1384
542 -0.406389 -3.89272 15.8774
543 -0.224664 -4.4505 15.3573
544 -1.11758 -3.8067 14.1277
545 0.266813 -3.8541 16.7276
546 0.728689 -3.1134 15.2549
547 1.18126 -3.41382 14.7528
548 0.0438623 -3.0198 16.1855
549 0.511481 -3.32829 16.6552
550 -0.617508 -3.46965 15.6184
551 0.395159 -4.03948 16.2866
552 -1.19204 -3.32611 16.3648
553 -0.973131 -3.09047 15.6044
554 0.0672279 -3.6245 13.9834
555 -1.52622 -2.33304 15.2767
556 -1.13979 -2.72282 13.4638
557 -0.617549 -2.25094 13.9725
558 -0.488029 -3.70405 14.7393
559 -0.183195 -4.12326 14.9743
560 0.0765288 -3.70723 13.6586
561 -0.174252 -3.86889 16.6736
562 -0.40239 -3.80786 14.0792
563 -0.103427 -2.95051 14.8511
564 -1.07372 -4.22311 15.9157
565 -1.62793 -4.31683 14.4017
566 -0.00802576 -3.90061 16.1856
567 -1.39308 -3.47494 16.5656
568 0.0341531 -4.2795 14.1099
569 -0.718213 -3.70521 15.1631
570 5.71336 -6.36266 8.34852
571 -0.17992 -4.41301 13.6862
572 -2.01277 -5.00237 17.1798
573 -0.775363 -4.48211 17.1022
574 -0.0193778 -4.41686 16.6644
575 -0.809281 -4.59892 16.8669
576 -1.4282 -3.82853 17.6652
577 -2.05076 -4.68058 16.6913
578 -1.12072 -4.74463 16.4223
579 -1.09342 -5.26436 17.9646
580 2.73808 -7.44493 10.1597
581 -0.497229 -4.86805 15.4261
582 -1.06842 -3.88651 17.9084
583 -1.24397 -5.28725 18.2015
584 -0.462324 -5.45486 14.6213
585 -0.926298 -5.56394 18.3068
586 -0.572464 -5.87109 19.03
587 -1.81684 -5.45179 17.3146
588 -1.0332 -5.34967 17.8666
589 -1.65354 -5.17902 19.1712
590 -1.42493 -5.16203 16.7909
591 -1.29325 -4.19138 18.1332
592 -1.56661 -4.24798 18.1983
593 -1.17748 -5.8922 18.4471
594 -1.26142 -5.28709 16.273
595 -1.69174 -4.00799 17.3326
596 -1.06054 -5.60702 18.3044
597 -1.33183 -5.07563 17.7137
598 -1.31064 -5.22397 18.4766
599 -0.867201 -3.76272 19.178
600 -0.640805 -4.6489 18.5551
601 -0.822818 -5.5271 15.4197
602 -0.367861 -5.25293 18.141
603 -1.40052 -5.4726 17.5972
604 -0.76179 -5.70942 18.2113
605 0.00659712 -4.97822 18.5353
606 -0.718732 -4.93267 17.8542
607 -0.451627 -6.58304 16.9525
608 -0.859756 -6.2991 18.0265
609 -0.665629 -4.62251 17.4576
610 0.0253629 -5.93702 17.6247
611 -0.354888 -6.21979 19.1839
612 0.609 -6.00288 16.0719
613 1.49823 -5.63298 11.1164
614 3.90662 -0.764207 -10.7516
615 1.01397 -0.540492 -23.6199
616 1.45525 0.138997 -13.775
617 0.29812 0.147036 -26.5684
618 1.21809 -0.130038 -30.5691
619 2.90796 -2.51061 -0.676361
620 1.94084 -3.36361 -4.73377
621 1.40505 -3.00634 -6.29635
622 1.8772 -2.62358 -5.1114
623 1.98418 -2.0471 -6.89229
624 1.74855 -2.82082 -8.02948
625 1.52588 -2.72797 -8.7293
626 1.41831 -2.76172 -9.90639
627 1.74624 -3.03031 -12.3481
628 1.38649 -3.45386 -18.8224
629 1.65698 -2.50355 -17.1566
630 1.35056 -3.75767 -21.4946
631 0.56414 -3.2829 -18.2577
632 0.811749 -4.00866 -18.366
633 -0.392053 -4.42927 -17.4818
634 0.731576 -4.68977 -12.5806
635 -0.831384 -5.87203 -7.80262
636 1.1598 -4.99385 -7.1038
637 -0.734736 -4.48309 -6.88797
638 0.301379 -3.73605 -6.83248
639 1.6085 -4.84828 -7.56207
640 1.344 -3.90834 -6.37048
641 1.75998 -3.93283 -6.68345
642 0.650654 -4.56253 -6.24888
643 1.33898 -4.72339 -1.45159
644 0.0403324 -4.35426 -6.00908
645 -0.206685 -4.65123 -6.62433
646 0.0757602 -5.36699 -4.82456
647 -0.783305 -4.07878 -8.29279
648 1.59885 -4.37134 -5.12835
649 0.477753 -4.50472 -8.30144
650 0.975958 -3.59867 -6.58676
651 -0.736905 -3.76516 -3.61907
652 1.10237 -3.32443 -6.4998
653 1.35297 -3.56466 -7.28597
654 -0.82942 -3.25022 -5.74624
655 0.324274 -4.54226 -6.42992
656 -1.83264 -4.93572 -8.15286
657 -0.511084 -4.08941 -7.74285
658 -0.566586 -3.97163 -8.30872
659 -0.431358 -4.66532 -7.49261
660 -0.711932 -4.24212 -7.4898
661 1.78694 -7.03649 -2.366
662 0.278223 -6.61154 -0.926897
663 -0.349968 -5.35098 -8.11832
664 1.04223 -4.697 -3.52483
665 0.204797 -5.09492 -9.42399
666 -0.477894 -5.71059 -7.63946
667 -0.401706 -5.80019 -6.95264
668 -0.930405 -5.88106 -6.97406
669 -1.4351 -4.69287 -7.24264
670 -0.732161 -5.60598 -5.52462
671 -0.270347 -6.34977 -9.09273
672 0.0752093 -5.12275 -6.44894
673 0.238396 -6.0448 -7.4653
674 -0.680258 -3.56079 -7.90726
675 0.216102 -3.86501 -7.01288
676 0.0826665 -5.54655 -1.12059
677 -1.42211 -6.4743 -6.20303
678 2.10065 -5.08628 0.783598
679 2.4746 -5.67681 -0.359951
680 -0.111719 -5.68463 -6.89302
681 -0.625655 -6.27233 -7.77325
682 0.122794 -5.1456 -7.81101
683 0.136302 -5.78547 -8.99893
684 0.0701277 -5.68922 -2.03591
685 -0.685406 -6.19232 -7.65193
686 1.27681 -4.63235 -0.35298
687 1.2255 -4.68773 0.878278
688 0.387935 -6.09212 -5.81377
689 1.96159 -4.63101 -0.168168
690 1.2763 -4.46297 2.04755
691 0.980348 -4.23309 2.24614
692 -1.09373 -4.72376 3.26344
693 0.429423 -5.39221 -6.15355
694 -1.5391 -5.52387 2.54071
695 1.14896 -3.50349 -3.88979
696 0.861823 -4.37583 -4.06278
697 0.0649488 -5.76788 5.83685
698 0.60684 -5.6196 3.70866
699 0.465289 -4.91162 -5.24847
700 1.12579 -5.01725 4.50893
701 0.955497 -4.83584 -6.03946
702 1.27889 -4.67858 -23.6646
703 1.47126 -4.99655 -27.247
704 1.54576 -5.56365 -24.9918
705 0.990502 -5.35237 -25.8804
706 0.905351 -5.45046 -25.1977
707 0.693789 -5.25756 -24.9415
708 1.8033 -5.25121 -22.5277
709 2.0751 -5.42071 -21.782
710 1.01515 -4.61926 -17.8045
711 1.85946 -5.84671 -13.7613
712 1.79485 -4.85069 -9.62055
713 1.04961 -4.00548 -0.482982
714 0.649688 -5.09191 -1.46694
715 0.0961671 -4.79235 3.90027
716 1.51057 -6.82386 6.25987
717 1.46451 -6.8709 13.9814
718 0.827101 -6.79824 18.1129
719 0.513072 -4.341 3.52633
720 0.169354 -6.9554 21.0524
721 0.10837 -4.97822 7.927
722 0.177944 -3.21411 7.33461
723 0.168652 -4.71233 7.80163
724 -0.749341 -5.1492 6.30974
725 2.90609 -4.72332 0.538867
726 2.58452 -5.37645 0.240012
727 3.38074 -4.22068 0.299677
728 2.38322 -4.46607 2.11291
729 1.85491 -4.76052 3.50866
730 2.35771 -4.00632 4.03543
731 3.93012 -4.06544 2.00544
732 3.10812 -5.00823 4.74229
733 3.07257 -4.90646 5.26981
734 2.5818 -5.5308 4.21657
735 2.53472 -5.4406 5.58029
736 -2.6331 -8.36563 8.93125
737 1.78285 -5.3795 6.18998
738 -1.75183 -9.56818 14.4352
739 3.03186 -5.51871 6.12925
740 1.5965 -5.30439 5.16853
741 3.53235 -5.3523 5.58749
742 2.39608 -6.28877 5.3146
743 2.78331 -5.70188 5.39488
744 2.10468 -5.22891 6.81898
745 2.63395 -5.79311 4.73511
746 2.41618 -5.35987 4.18353
747 2.94703 -4.57502 6.21384
748 1.91093 -5.39214 4.00969
749 1.9836 -5.05285 5.47501
750 2.85731 -5.20374 4.69251
751 -0.192625 -8.41427 11.0979
752 3.15928 -5.16705 4.01083
753 -1.8694 -9.04527 9.09385
754 3.71453 -5.51757 4.95576
755 3.6712 -5.28053 2.22049
756 2.85962 -5.04048 4.9942
757 3.26871 -5.08639 3.86089
758 2.75915 -5.39075 2.48606
759 3.91613 -4.67831 6.06556
760 2.42152 -5.34525 4.54311
761 3.69555 -5.66808 4.16584
762 2.47369 -4.91841 4.6557
763 2.94282 -6.08507 4.18935
764 2.26877 -6.3485 4.76752
765 2.65442 -6.44362 5.36874
766 2.28469 -6.51971 4.88758
767 3.09831 -5.52598 4.09927
768 2.29055 -6.57485 6.91765
769 3.08425 -6.71582 4.81379
770 4.02811 -5.54132 4.27744
771 2.21714 -4.90062 6.84925
772 3.31866 -5.59762 2.74907
773 4.53332 -5.84331 5.13148
774 1.65533 -4.86923 7.3657
775 5.61066 -6.03958 6.06712
776 2.11824 -3.72587 8.07504
777 1.95855 -4.04861 8.44738
778 0.352489 -4.31945 9.02866
779 1.90088 -5.92426 7.88618
780 1.47818 -4.10666 9.20583
781 2.20392 -4.08765 9.27675
782 2.04167 -4.52162 8.08542
783 0.375607 -4.63029 9.15856
784 2.18826 -4.04993 8.87035
785 1.34287 -4.04578 9.14278
786 0.696892 -4.15657 8.76898
787 0.866043 -4.317 9.13238
788 0.431083 -4.85234 8.99856
789 0.414713 -4.93141 8.93089
790 0.30512 -4.04725 8.79231
791 0.46975 -4.16805 9.39863
792 2.77276 -4.59059 9.38309
793 1.68164 -4.90873 8.47824
794 0.50514 -4.64155 8.71484
795 0.85798 -4.84187 8.92728
796 0.198662 -4.46413 8.11806
797 0.704816 -4.24096 7.88797
798 1.03051 -4.79939 9.28504
799 0.877421 -3.93376 8.1314
800 0.752933 -4.45953 8.76557
801 0.445684 -4.48004 8.08786
802 2.20508 -4.45001 8.75304
803 0.693429 -4.5905 8.91859
804 0.353486 -4.5445 8.04348
805 1.09949 -4.467 8.07056
806 0.634936 -4.49042 8.97606
807 0.51611 -5.07146 8.99803
808 0.12405 -4.58044 8.70613
809 1.47115 -4.65921 9.00622
810 1.0811 -3.97479 8.48498
811 3.46674 -7.3366 3.07274
812 -1.5705 -8.39749 20.1964
813 -4.75474 -6.29378 25.349
814 -1.32845 -8.5793 19.9826
815 -3.61828 -9.94451 28.7318
816 -4.78386 -8.04714 44.8105
817 -5.71943 -7.87219 32.2664
818 -5.80267 -7.1338 30.6534
819 -5.64626 -9.58544 29.9916
820 -5.4655 -8.21556 30.8748
821 -5.45241 -7.80214 28.4385
822 -5.65115 -7.96701 31.5936
823 -5.92918 -8.05295 28.9211
824 -7.1255 -7.04568 32.8795
825 -7.84304 -8.28882 29.4076
826 -6.64317 -7.89546 28.8357
827 -6.38082 -8.13476 28.3726
828 -5.74814 -7.50909 27.375
829 -5.44695 -7.45397 28.4419
830 -6.37714 -8.35305 30.6762
831 -7.23692 -8.90205 29.208
832 -5.50597 -8.56986 26.5532
833 -4.67283 -9.46293 24.3172
834 -4.79207 -10.5573 28.0107
835 -4.06188 -11.0941 32.1473
836 -4.37095 -11.403 31.3168
837 -3.61694 -10.6569 25.1261
838 -3.92548 -12.2154 21.7097
839 -3.85771 -11.8387 20.8012
840 -3.75802 -12.0921 24.794
841 0.856008 -7.23705 13.896
842 1.55897 -7.44385 13.1518
843 0.720899 -8.8273 13.1333
844 0.18497 -8.36947 13.8741
845 0.228012 -8.23084 16.7619
846 1.01203 -8.64102 13.2494
847 2.85928 -8.12366 16.037
848 0.427812 -8.57499 15.0437
849 1.69692 -8.07061 14.4879
850 0.656392 -7.57655 8.90714
851 -6.15795 -6.26744 32.2002
852 -6.57811 -6.95428 33.4949
853 -7.16056 -6.74729 31.357
854 -6.07374 -6.89972 30.4954
855 -5.98376 -6.91431 32.2406
856 -5.45323 -6.42411 34.0249
857 -6.54519 -6.81281 32.2973
858 -7.04748 -7.54512 32.6323
859 -5.89796 -7.08535 31.2601
860 -6.44068 -6.83194 30.5728
861 -5.84839 -6.91858 31.5859
862 -6.35162 -7.2029 30.3243
863 -6.62147 -7.3047 27.9541
864 -5.97279 -6.33574 27.4929
865 -6.51875 -6.67399 25.7066
866 -4.66276 -7.08242 26.5684
867 -5.01405 -7.39653 27.0454
868 -6.36019 -6.17724 26.4195
869 -4.83137 -7.71819 25.0052
870 -6.02168 -6.04519 24.8554
871 -4.92219 -6.98326 25.5629
872 -5.0718 -6.96921 26.1429
873 -4.19695 -6.99143 23.1482
874 -5.48741 -6.29423 25.3409
875 -5.82438 -6.62018 25.6796
876 -3.77452 -6.18798 24.6882
877 -4.64197 -6.5248 28.6182
878 -5.66611 -6.95924 28.8978
879 -5.93356 -6.56874 25.8786
880 -6.53198 -6.59531 27.4226
881 -5.33909 -5.56874 24.4179
882 -5.75473 -7.2622 25.6099
883 -5.99529 -6.60023 24.1947
884 -5.0764 -7.27017 24.6112
885 -5.46773 -7.68765 26.23
886 -5.46153 -6.89119 24.555
887 -4.64608 -7.01171 24.1832
888 -4.68378 -7.08383 23.8467
889 -3.71916 -6.47184 24.1022
890 -5.59013 -6.54256 28.9144
891 -4.90272 -6.68326 28.7443
892 -3.86745 -6.25292 24.4849
893 -5.04914 -6.70384 25.8162
894 -5.81924 -7.16196 26.1926
895 -3.99333 -7.12499 26.5264
896 -5.68962 -7.85465 26.7926
897 -5.85078 -7.89608 29.4274
898 -5.74706 -7.00479 24.3924
899 -5.54385 -6.70264 24.8375
