Frame Roll Pitch Yaw
0 266 161 227 164
1 266 160 227 164
2 266 160 227 164
3 267 160 228 164
4 267 160 228 163
5 267 160 229 163
6 268 160 229 164
7 268 161 229 164
8 267 161 229 165
9 267 161 229 165
10 268 161 229 165
11 268 161 230 164
12 269 160 231 164
13 269 160 231 163
14 270 159 231 163
15 270 159 232 162
16 271 159 232 162
17 271 159 233 163
18 272 158 233 162
19 273 158 234 162
20 273 158 235 162
21 273 157 235 161
22 273 158 236 162
23 274 158 236 162
24 275 157 236 161
25 275 158 237 162
26 276 158 237 163
27 277 158 238 162
28 277 159 238 163
29 278 159 239 163
30 278 159 239 163
31 278 159 239 163
32 278 159 239 163
33 278 159 239 163
34 278 160 238 164
35 277 160 238 164
36 277 160 238 164
37 278 161 238 165
38 278 161 239 165
39 278 161 239 165
40 279 161 240 165
41 280 161 240 165
42 280 161 241 165
43 281 161 241 165
44 281 162 242 165
45 282 162 242 165
46 282 162 242 165
47 283 162 243 165
48 283 162 243 165
49 283 162 243 165
50 283 162 243 165
51 283 161 243 165
52 284 161 244 164
53 284 161 244 164
54 284 161 245 163
55 285 161 245 164
56 285 161 245 163
57 285 161 245 164
58 285 161 246 164
59 286 162 245 164
60 286 162 246 165
61 286 163 246 166
62 286 163 246 166
63 286 163 246 166
64 286 164 246 166
65 286 164 246 166
66 286 164 246 167
67 286 164 246 167
68 286 165 246 167
69 286 164 246 167
70 286 164 246 167
71 286 164 246 167
72 286 164 247 167
73 287 164 247 167
74 287 164 247 167
75 287 164 247 167
76 287 164 248 167
77 287 164 248 167
78 287 164 248 167
79 288 164 248 167
80 288 165 248 167
81 288 164 248 167
82 288 164 248 167
83 288 164 249 167
84 288 165 249 167
85 288 164 248 167
86 288 165 249 167
87 288 164 249 166
88 288 164 248 167
89 288 164 248 167
90 288 164 248 166
91 288 165 248 167
92 287 164 248 167
93 288 165 248 167
94 288 165 248 167
95 287 165 248 168
96 287 165 248 168
97 287 165 247 167
98 287 165 248 167
99 287 165 247 167
100 287 165 248 167
101 287 165 248 168
102 287 165 248 168
103 287 165 247 168
104 287 165 247 168
105 288 165 247 168
106 287 165 248 167
107 287 165 247 168
108 287 165 247 168
109 287 165 247 168
110 287 165 247 168
111 286 165 246 168
112 286 165 245 168
113 284 166 244 169
114 283 166 243 169
115 282 166 242 169
116 281 166 241 169
117 280 166 240 170
118 280 166 239 169
119 279 166 238 170
120 278 166 238 169
121 277 166 237 169
122 277 166 237 169
123 277 166 236 170
124 276 166 236 170
125 275 166 235 169
126 275 166 235 170
127 275 166 234 170
128 274 166 234 170
129 274 166 234 170
130 274 166 234 170
131 274 166 233 171
132 273 166 233 170
133 273 166 233 170
134 273 166 233 170
135 273 166 233 170
136 273 166 233 171
137 273 166 233 170
138 273 166 233 170
139 273 166 233 170
140 273 166 233 170
141 274 166 233 170
142 273 166 233 170
143 273 166 233 170
144 273 166 233 170
145 273 166 233 171
146 273 166 233 171
147 273 166 233 171
148 274 166 233 171
149 273 166 234 171
150 274 167 233 171
151 274 167 234 171
152 274 166 234 171
153 274 166 234 171
154 274 167 234 171
155 274 166 234 171
156 274 166 234 171
157 274 167 234 171
158 274 167 234 171
159 274 167 234 171
160 274 166 234 171
161 274 166 234 171
162 274 167 234 171
163 274 167 234 171
164 274 167 234 171
165 274 167 234 171
166 274 167 234 171
167 274 167 233 171
168 274 166 234 171
169 274 167 234 171
170 274 167 233 171
171 274 167 234 171
172 274 167 234 171
173 274 167 234 171
174 274 167 234 171
175 274 167 234 171
176 274 167 234 171
177 274 166 234 171
178 274 167 234 171
179 274 167 234 171
180 274 167 234 171
181 274 167 234 171
182 275 167 234 171
183 275 167 234 171
184 275 167 234 171
185 275 167 234 172
186 275 167 235 171
187 275 167 234 171
188 275 167 234 171
189 275 167 234 171
190 275 167 234 171
191 275 167 234 171
192 275 167 234 171
193 275 167 234 171
194 274 167 234 171
195 274 167 234 171
196 274 167 234 171
197 274 167 234 171
198 274 167 234 171
199 274 167 234 171
200 274 167 234 171
201 274 167 234 171
202 274 167 233 171
203 274 167 233 171
204 274 167 233 171
205 274 167 234 171
206 274 167 233 171
207 274 167 233 171
208 273 166 233 171
209 273 167 233 171
210 273 166 233 171
211 273 167 233 171
212 273 166 233 171
213 273 166 232 171
214 273 167 233 171
215 273 166 232 171
216 273 167 232 171
217 273 167 232 171
218 272 167 232 171
219 272 167 232 171
220 272 167 231 171
221 272 167 231 171
222 271 167 231 172
223 271 167 231 171
224 271 167 231 171
225 271 167 230 171
226 271 167 230 171
227 271 167 230 171
228 271 167 230 171
229 270 167 230 171
230 270 167 230 171
231 270 167 230 171
232 270 167 230 171
233 270 167 230 171
234 270 166 230 171
235 270 167 230 171
236 270 166 230 171
237 270 167 230 171
238 270 167 230 171
239 270 167 230 171
240 270 166 230 171
241 270 166 230 171
242 270 166 230 171
243 270 166 230 171
244 270 166 230 171
245 270 167 230 171
246 270 166 230 171
247 270 166 230 170
248 270 166 230 171
249 270 166 230 171
250 270 167 230 171
251 270 166 230 171
252 270 166 230 171
253 270 166 231 171
254 270 167 230 171
255 270 166 230 171
256 270 166 230 171
257 270 167 230 171
258 270 167 230 171
259 270 167 230 171
260 270 167 230 171
261 270 167 230 171
262 270 167 230 171
263 270 166 230 171
264 270 167 230 172
265 270 167 230 171
266 270 167 230 172
267 270 167 230 171
268 270 167 230 171
269 270 167 230 172
270 270 167 230 171
271 270 167 230 171
272 270 167 230 171
273 270 167 230 171
274 270 167 230 171
275 270 167 230 171
276 270 167 230 172
277 270 167 230 171
278 270 167 230 172
279 270 167 230 172
280 271 167 230 171
281 271 167 231 171
282 271 167 230 171
283 271 167 231 172
284 271 167 230 172
285 271 167 231 171
286 271 167 231 171
287 271 167 231 171
288 271 167 231 172
289 271 167 231 171
290 271 167 231 171
291 271 167 231 171
292 271 167 231 171
293 271 167 231 171
294 271 167 231 171
295 271 167 231 171
296 271 167 231 171
297 271 167 231 171
298 271 167 231 172
299 271 167 231 171
300 271 166 231 171
301 271 167 231 171
302 272 167 231 171
303 271 167 231 171
304 271 167 231 171
305 271 167 231 171
306 271 166 232 171
307 271 167 231 171
308 271 167 232 171
309 272 167 232 171
310 272 168 232 172
311 273 167 233 172
312 273 167 233 172
313 273 167 233 172
314 273 167 234 171
315 273 167 233 171
316 274 167 234 172
317 274 167 234 172
318 273 167 233 172
319 273 167 233 171
320 274 167 234 171
321 273 167 233 171
322 273 167 234 171
323 274 167 234 172
324 274 167 234 171
325 274 167 234 171
326 274 167 234 171
327 274 167 234 171
328 274 167 234 171
329 274 167 234 171
330 274 168 235 171
331 274 167 235 171
332 275 167 234 171
333 275 167 235 171
334 275 167 235 171
335 275 167 235 171
336 275 167 235 171
337 275 167 236 171
338 275 167 236 171
339 276 167 236 171
340 276 167 236 171
341 276 167 236 171
342 276 167 236 171
343 276 167 236 171
344 277 167 237 171
345 277 167 237 171
346 277 167 237 171
347 278 167 238 171
348 277 166 238 170
349 278 167 238 170
350 278 166 238 170
351 279 166 238 170
352 279 166 239 170
353 279 166 239 170
354 279 166 239 170
355 279 166 239 170
356 279 166 240 170
357 279 166 240 170
358 280 166 240 169
359 280 166 240 169
360 280 166 240 169
361 280 166 240 170
362 280 166 240 170
363 280 166 241 169
364 280 166 240 169
365 280 166 241 169
366 280 166 241 170
367 280 167 241 170
368 280 166 241 170
369 280 166 241 170
370 280 166 241 169
371 281 166 241 170
372 281 166 241 170
373 281 166 241 170
374 282 167 242 170
375 282 166 242 170
376 282 167 242 170
377 283 167 243 169
378 283 167 243 169
379 284 167 244 169
380 285 167 245 170
381 286 167 246 169
382 287 167 247 169
383 288 167 248 169
384 289 167 250 168
385 290 167 251 169
386 291 167 252 169
387 292 167 252 168
388 293 167 253 168
389 293 168 253 168
390 293 167 253 168
391 293 167 254 168
392 294 166 254 167
393 294 165 255 166
394 294 164 255 165
395 294 164 255 165
396 295 164 255 166
397 295 165 256 166
398 296 166 257 167
399 296 167 257 167
400 296 167 257 168
401 297 167 257 167
402 296 166 257 167
403 296 166 257 167
404 296 166 257 166
405 296 166 257 167
406 296 166 257 167
407 296 166 257 167
408 296 167 257 168
409 296 167 256 168
410 295 167 256 168
411 295 167 256 168
412 295 167 256 167
413 294 166 255 167
414 293 166 253 167
415 292 166 252 167
416 290 167 250 168
417 288 167 248 169
418 287 167 247 169
419 286 167 246 170
420 285 168 245 170
421 285 167 245 170
422 284 167 244 169
423 283 167 243 170
424 283 167 244 170
425 283 167 243 170
426 282 167 242 169
427 282 167 242 170
428 282 167 242 170
429 282 167 242 170
430 281 167 242 170
431 281 167 242 170
432 281 167 241 170
433 281 167 242 170
434 281 167 242 170
435 281 167 241 170
436 281 167 242 169
437 281 167 242 169
438 281 167 242 169
439 281 167 242 170
440 281 167 242 169
441 282 167 241 169
442 282 167 242 169
443 282 167 242 169
444 281 167 242 169
445 281 167 242 170
446 281 167 241 169
447 281 167 241 169
448 281 167 241 170
449 281 167 242 169
450 281 166 241 170
451 281 167 241 170
452 281 167 241 170
453 281 167 242 170
454 281 167 241 170
455 281 167 241 170
456 281 167 241 169
457 281 167 242 169
458 281 167 241 169
459 281 167 242 170
460 281 167 241 170
461 281 167 242 170
462 281 167 241 169
463 281 167 242 170
464 281 168 241 171
465 281 167 241 170
466 281 168 241 171
467 281 168 241 170
468 281 168 241 171
469 280 168 240 171
470 280 168 240 171
471 279 168 239 171
472 277 167 238 171
473 277 168 237 171
474 276 168 236 171
475 275 168 235 171
476 274 168 235 171
477 273 168 234 172
478 272 168 233 172
479 271 167 232 171
480 270 168 232 172
481 270 168 231 172
482 270 168 231 172
483 269 168 230 173
484 269 169 230 173
485 268 169 230 174
486 268 169 230 173
487 268 169 229 173
488 268 169 230 173
489 268 168 230 173
490 269 169 230 173
491 269 169 230 173
492 269 169 230 173
493 269 168 230 173
494 270 168 231 173
495 270 168 231 173
496 270 168 231 172
497 270 168 231 172
498 270 168 232 173
499 271 168 232 173
500 271 168 232 172
501 271 168 232 173
502 271 168 232 173
503 271 168 232 173
504 271 168 232 173
505 271 168 232 173
506 271 169 232 173
507 272 168 233 173
508 272 168 233 173
509 272 168 233 173
510 272 168 233 173
511 272 168 233 173
512 272 168 233 173
513 272 168 234 173
514 272 168 233 172
515 272 168 233 172
516 272 168 233 173
517 272 168 233 172
518 272 168 233 173
519 272 168 233 173
520 272 168 233 173
521 272 168 233 172
522 272 168 233 172
523 272 168 233 172
524 272 168 233 173
525 272 168 233 172
526 272 168 233 173
527 272 168 233 173
528 272 168 233 173
529 272 168 232 173
530 271 167 233 172
531 272 167 232 172
532 272 168 232 172
533 272 168 232 172
534 271 168 232 173
535 272 168 232 172
536 271 168 232 172
537 271 168 232 172
538 271 167 232 172
539 271 167 232 172
540 271 167 232 172
541 271 168 232 172
542 272 168 232 172
543 271 167 232 173
544 272 168 232 172
545 272 167 232 172
546 271 167 232 172
547 272 167 232 172
548 272 167 233 172
549 272 167 232 172
550 272 167 233 172
551 272 167 233 172
552 272 167 233 171
553 272 167 233 172
554 272 167 232 172
555 272 167 232 172
556 272 167 233 172
557 272 167 233 172
558 272 167 232 172
559 272 167 233 172
560 272 167 232 172
561 271 167 233 172
562 271 167 233 172
563 272 167 233 172
564 272 167 232 172
565 272 167 232 172
566 272 168 232 173
567 271 167 233 172
568 271 167 232 172
569 271 167 232 172
570 271 167 232 172
571 271 168 232 173
572 271 168 232 173
573 271 168 232 173
574 271 168 232 173
575 271 168 232 173
576 271 168 232 173
577 271 168 232 173
578 270 168 232 173
579 271 168 232 173
580 271 168 232 173
581 271 168 232 173
582 271 168 232 173
583 271 168 232 173
584 271 168 232 173
585 271 168 232 173
586 271 168 231 174
587 271 168 232 173
588 271 168 232 173
589 271 168 232 173
590 271 168 232 173
591 271 168 232 173
592 271 169 232 173
593 271 169 232 173
594 271 168 232 173
595 271 168 232 173
596 271 169 232 173
597 271 168 232 173
598 271 168 232 173
599 271 168 232 173
600 271 168 232 173
601 271 168 232 173
602 271 168 232 173
603 271 168 232 173
604 271 168 232 173
605 271 168 232 173
606 271 168 232 173
607 271 168 232 173
608 271 168 232 173
609 271 168 232 173
610 271 168 232 173
611 272 169 233 174
612 273 169 234 173
613 275 169 236 173
614 279 169 239 173
615 284 169 243 173
616 288 170 248 173
617 291 170 251 173
618 293 171 254 173
619 295 172 256 174
620 296 172 257 174
621 297 173 258 174
622 298 173 258 174
623 299 173 259 174
624 299 173 259 174
625 299 173 260 174
626 300 173 260 174
627 300 173 260 174
628 301 173 261 174
629 301 173 261 173
630 301 174 262 174
631 302 174 262 174
632 302 174 262 174
633 301 174 262 174
634 301 174 262 174
635 301 174 261 175
636 301 174 261 175
637 300 174 260 174
638 300 174 260 174
639 300 174 260 174
640 300 174 260 174
641 299 174 259 174
642 299 174 259 174
643 299 174 260 174
644 299 174 260 174
645 299 174 260 174
646 299 174 259 174
647 300 174 260 174
648 299 174 260 174
649 299 174 259 174
650 299 174 260 174
651 299 174 260 174
652 299 174 260 174
653 299 173 259 174
654 299 174 260 174
655 299 174 260 175
656 299 174 259 174
657 299 174 259 175
658 299 174 259 175
659 299 174 259 175
660 299 174 259 175
661 299 174 259 175
662 299 174 259 175
663 298 174 259 175
664 299 174 258 175
665 298 174 258 175
666 298 174 258 175
667 298 174 258 176
668 298 174 258 175
669 298 174 257 175
670 298 174 257 175
671 298 174 258 175
672 298 174 257 175
673 298 174 258 175
674 298 174 258 175
675 297 174 257 175
676 298 174 258 175
677 298 174 258 175
678 298 174 258 175
679 298 174 258 175
680 298 174 257 175
681 298 174 258 175
682 297 174 257 175
683 297 174 257 175
684 297 174 257 174
685 297 173 257 174
686 297 173 257 174
687 297 173 257 174
688 297 173 257 174
689 297 173 256 174
690 297 173 257 174
691 296 173 256 174
692 296 173 256 174
693 296 173 256 174
694 296 173 256 174
695 296 173 256 174
696 296 173 255 174
697 296 173 256 174
698 295 173 256 175
699 295 173 255 174
700 295 173 255 174
701 295 173 255 175
702 295 173 254 174
703 295 173 254 174
704 295 173 254 174
705 294 173 254 174
706 294 173 254 174
707 294 173 254 174
708 293 173 253 174
709 293 173 253 174
710 293 173 253 174
711 292 173 252 174
712 292 173 251 174
713 291 173 250 175
714 290 173 249 175
715 289 173 249 175
716 288 173 248 175
717 287 173 247 175
718 287 173 246 175
719 286 173 246 175
720 286 173 246 175
721 285 173 245 175
722 284 173 244 176
723 283 173 244 176
724 283 173 243 175
725 283 173 243 175
726 282 173 242 176
727 282 173 242 176
728 282 173 242 176
729 282 173 241 175
730 281 173 241 176
731 281 173 241 176
732 281 173 241 176
733 281 173 240 176
734 280 173 240 176
735 280 173 240 175
736 279 173 240 175
737 280 173 240 176
738 279 173 240 175
739 280 173 240 176
740 279 172 240 176
741 280 173 240 175
742 280 173 239 176
743 280 173 240 176
744 280 173 240 176
745 280 173 240 176
746 280 173 240 176
747 280 173 240 176
748 280 173 240 176
749 280 173 240 176
750 280 173 240 176
751 280 173 241 176
752 280 173 240 176
753 280 173 241 175
754 280 173 240 176
755 280 173 240 176
756 280 173 241 176
757 280 173 240 176
758 281 173 240 176
759 280 173 240 176
760 281 173 240 176
761 280 173 240 176
762 281 173 241 176
763 281 173 241 176
764 281 174 241 176
765 281 174 241 176
766 281 174 241 177
767 281 174 241 177
768 282 174 241 177
769 281 174 241 177
770 282 174 242 177
771 281 174 241 177
772 282 174 242 177
773 282 174 242 177
774 282 174 242 177
775 282 174 242 177
776 282 175 242 178
777 283 174 242 177
778 282 174 242 177
779 282 174 242 177
780 283 175 242 178
781 282 174 242 177
782 282 175 243 177
783 283 174 242 177
784 283 174 243 177
785 283 174 243 177
786 283 175 243 177
787 283 174 243 177
788 283 174 243 177
789 283 175 243 177
790 283 174 243 177
791 284 174 243 177
792 284 174 244 177
793 284 174 243 177
794 284 174 244 177
795 284 174 244 177
796 284 174 243 177
797 284 174 244 177
798 284 174 244 177
799 284 174 244 177
800 284 174 244 177
801 284 174 244 176
802 284 174 244 177
803 284 174 244 177
804 284 174 244 177
805 284 174 244 177
806 284 174 244 176
807 284 174 244 177
808 283 174 244 177
809 283 174 243 177
810 282 174 243 177
811 281 174 241 177
812 276 174 238 178
813 272 174 234 178
814 268 174 230 179
815 264 174 227 179
816 262 174 227 180
817 261 174 224 180
818 261 174 225 180
819 260 174 225 180
820 261 174 224 180
821 260 174 223 180
822 259 174 223 180
823 259 174 222 180
824 259 174 222 180
825 259 174 222 180
826 259 174 222 180
827 258 174 222 180
828 258 174 222 180
829 259 173 222 180
830 259 173 223 180
831 259 174 224 180
832 260 174 223 180
833 261 173 223 180
834 261 174 225 179
835 262 173 225 179
836 263 173 226 179
837 264 173 226 179
838 265 173 227 178
839 265 173 227 178
840 265 173 228 178
841 266 173 228 178
842 267 173 228 178
843 267 173 229 178
844 267 173 229 179
845 268 173 229 179
846 267 173 229 178
847 268 173 230 179
848 268 173 230 179
849 268 173 230 179
850 269 173 230 179
851 268 173 230 179
852 268 173 230 178
853 269 173 231 179
854 269 174 231 179
855 269 173 231 179
856 269 174 231 179
857 269 173 231 178
858 270 174 232 179
859 270 174 232 178
860 270 174 232 179
861 271 173 232 179
862 271 174 232 178
863 271 174 233 178
864 271 174 232 179
865 271 174 233 178
866 271 174 233 178
867 271 173 233 178
868 271 173 233 178
869 271 174 233 178
870 272 174 233 178
871 271 174 233 178
872 271 174 233 179
873 271 174 233 178
874 272 174 233 179
875 272 174 233 179
876 272 174 233 178
877 272 174 233 178
878 271 174 234 178
879 271 174 233 178
880 271 174 233 179
881 271 174 233 179
882 272 174 233 179
883 272 173 234 178
884 272 173 234 178
885 272 173 233 178
886 272 174 234 179
887 272 174 233 178
888 271 174 233 178
889 272 174 233 178
890 272 174 233 179
891 272 174 234 178
892 272 174 233 179
893 272 174 233 179
894 272 174 233 179
895 271 174 233 179
896 271 174 233 179
897 271 174 233 179
898 271 173 233 178
899 271 173 233 178
